id,operator,M,N,block_M,block_N,torch_mean_ms,torch_median_ms,torch_min_ms,torch_max_ms,tilelang_compile_ms,tilelang_first_ms,tilelang_mean_ms,tilelang_median_ms,tilelang_min_ms,tilelang_max_ms,speedup_mean_torch_over_tilelang,correct,error
30,Softsign,1024,65536,16,1024,1.522715002298355,1.5221199989318848,1.5209599733352661,1.5256600379943848,12487.246725708246,126.16531364619732,0.5880049914121628,0.5181599855422974,0.5042200088500977,0.8114799857139587,2.5896293816169433,True,
30,Softsign,1024,65536,16,512,1.5264700055122375,1.5232200026512146,1.5223000049591064,1.5371400117874146,12487.532088533044,134.51258465647697,1.0899849832057953,1.0022199749946594,1.0017399787902832,1.353760004043579,1.4004504915495992,True,
88,MinGPT NewGELU,1024,65536,16,1024,4.0504149198532104,4.050849914550781,4.048059940338135,4.0518999099731445,12350.391427055001,126.69552862644196,0.6204400062561035,0.5380200147628784,0.537880003452301,0.8678399920463562,6.528294241202253,True,
88,MinGPT NewGELU,1024,65536,16,512,4.045845031738281,4.045350074768066,4.044340133666992,4.04833984375,12339.868146926165,127.08721309900284,1.0858699977397919,1.0034099817276,1.0029799938201904,1.3336800336837769,3.7259018484345225,True,
