id,operator,kind,input_shape,tilelang_factory,tilelang_args,torch_first_call_ms,torch_mean_ms,torch_min_ms,torch_median_ms,torch_max_ms,tilelang_compile_ms,tilelang_first_call_ms,tilelang_mean_ms,tilelang_min_ms,tilelang_median_ms,tilelang_max_ms,speedup_mean_torch_over_tilelang,tilelang_passed,error,notes
77,ConvTranspose3d padded/dilated/strided,conv_transpose3d,"[[1, 2, 4, 5, 6], [2, 3, 3, 3, 3], [3]]",conv_transpose3d,"[1, 2, 3, 4, 5, 6, 3, 3, 3, 2, 2, 2, 1, 1, 1, 0, 0, 0, 2, 2, 2, 1]",294.0414696931839,0.11210000514984131,0.08656000345945358,0.11460000276565552,0.13514000177383423,12549.098085612059,1.5191901475191116,0.6073799729347229,0.49261999130249023,0.5435199737548828,0.7860000133514404,0.18456322260380004,True,,
